name: Conda_SkillsFactory
channels:
  - defaults
dependencies:
  - python=3.10.20=h1044e36_0
  - numpy=2.2.5=py310h8bbff67_3
  - numpy-base=2.2.5=py310h89dd80d_3
  - pandas=2.3.3=py310h42c1672_1
  - scikit-learn=1.7.2=py310h7f7e138_1
  - scipy=1.15.3=py310h5a16d48_2
  - matplotlib=3.10.9=py310haa95532_0
  - matplotlib-base=3.10.9=py310h330ff07_0
  - seaborn=0.13.2=py310haa95532_3
  - jupyter=1.1.1=py310haa95532_0
  - pip=26.1.1=pyhc872135_1
  - pip:
      - graphviz==0.21
  - ca-certificates=2026.5.14=haa95532_0
  - openssl=3.5.6=hbb43b14_0
  - sqlite=3.51.2=hee5a0db_0
  - tk=8.6.15=hf199647_0
  - ucrt=10.0.22621.0=haa95532_0
  - vc=14.42=haa95532_5
  - vc14_runtime=14.44.35208=h4927774_12
  - vs2015_runtime=14.44.35208=ha6b5a95_12
  - intel-openmp=2025.0.0=haa95532_1165
  - mkl=2025.0.0=h585ebfc_931
  - mkl-service=2.5.2=py310h0b37514_0
  - mkl_fft=2.2.0=py310h18b77b3_0
  - mkl_random=1.3.0=py310ha5e6156_0
  - blas=1.0=mkl
  - bzip2=1.0.8=h2bbff1b_6
  - xz=5.8.2=h53af0af_0
  - zlib=1.3.1=h1c6eee0_1
  - zstd=1.5.7=h56299aa_0
  - freetype=2.14.1=hfbffc0b_0
  - libpng=1.6.56=h2854ad3_0
  - libtiff=4.5.1=hd77b12b_0
  - libwebp-base=1.6.0=hbf3958f_0
  - jpeg=9f=ha349fce_0
  - lerc=3.0=hd77b12b_0
  - libxml2=2.13.9=h6201b9f_0
  - libexpat=2.8.1=hd7fb8db_0
  - libffi=3.4.8=h2b21627_2
  - libiconv=1.18=hc89ec93_0
  - libkrb5=1.22.1=h3d06f0e_1
  - libdeflate=1.17=h2bbff1b_1
  - libzlib=1.3.1=h1c6eee0_1
  - lz4-c=1.9.4=h2bbff1b_1
  - yaml=0.2.5=he774522_0
  - tzdata=2026b=he532380_0
  - pip:
      - graphviz==0.21
      - plotly==5.22.0

